country	year	unem	infl	gdp	uneml	infll	gdpl	trade	capmob	oild	Icc_2	Icc_3	Icc_4	Icc_5	Icc_6	Icc_7	Icc_8	Icc_9	Icc_10	Icc_11	Icc_12	Icc_13	Icc_14	per6673	per7479	per8084	per8690	corp	leftlab	clint	demand
2.0	1966	3.8	2.9	5.1111407	4.5	1.9900497	5.934182	9.622906	0.0	6.75E-4	0	0	0	0	0	0	0	0	0	0	0	0	0	1.0	0.0	0.0	0.0	1.7985288	1.3764145	2.475521	51.96369
2.0	1967	3.8	2.8	2.277283	3.8	2.9	5.1111407	9.983546	0.0	5.9E-4	0	0	0	0	0	0	0	0	0	0	0	0	0	1.0	0.0	0.0	0.0	1.8077855	1.1766782	2.1271818	36.93912
2.0	1968	3.6	4.2	4.7	3.8	2.8	2.277283	10.08912	0.0	6.62E-4	0	0	0	0	0	0	0	0	0	0	0	0	0	1.0	0.0	0.0	0.0	1.8181758	1.1766782	2.1394079	57.50798
2.0	1969	3.5	5.4	2.8	3.6	4.2	4.7	10.43593	0.0	7.2E-4	0	0	0	0	0	0	0	0	0	0	0	0	0	1.0	0.0	0.0	0.0	1.8285455	0.43317163	0.792074	55.310432
2.0	1970	4.9	5.9	-0.2	3.5	5.4	2.8	10.49535	0.0	7.73E-4	0	0	0	0	0	0	0	0	0	0	0	0	0	1.0	0.0	0.0	0.0	1.8339705	0.43317163	0.794424	35.68419
2.0	1971	5.9	4.3	3.1	4.9	5.9	-0.2	11.27827	0.0	0.001063	0	0	0	0	0	0	0	0	0	0	0	0	0	1.0	0.0	0.0	0.0	1.8596696	0.4840479	0.90016913	42.857426
2.0	1972	5.6	3.3	5.4	5.9	4.3	3.1	11.21771	0.0	0.001325	0	0	0	0	0	0	0	0	0	0	0	0	0	1.0	0.0	0.0	0.0	1.843797	0.4840479	0.89248604	59.45386
2.0	1973	4.9	6.2	5.7	5.6	3.3	5.4	11.76705	0.0	0.00226	0	0	0	0	0	0	0	0	0	0	0	0	0	1.0	0.0	0.0	0.0	1.7979207	0.43317163	0.77880824	70.602295
2.0	1974	5.6	11.0	-0.9	4.9	6.2	5.7	13.77255	0.0	0.007898	0	0	0	0	0	0	0	0	0	0	0	0	0	0.0	1.0	0.0	0.0	1.9404387	0.43317163	0.84054303	11.01804
2.0	1975	8.5	9.1	-0.8	5.6	11.0	-0.9	17.42326	0.0	0.009097	0	0	0	0	0	0	0	0	0	0	0	0	0	0.0	1.0	0.0	0.0	1.9732283	0.6404451	1.2637445	-5.2269783
2.0	1976	7.7	5.8	4.7	8.5	9.1	-0.8	16.52211	0.0	0.011098	0	0	0	0	0	0	0	0	0	0	0	0	0	0.0	1.0	0.0	0.0	1.9658078	0.6404451	1.258992	82.61055
2.0	1977	7.1	6.5	5.5	7.7	5.8	4.7	17.23492	0.0	0.013843	0	0	0	0	0	0	0	0	0	0	0	0	0	0.0	1.0	0.0	0.0	1.9560741	1.3632243	2.6665678	62.04571
2.0	1978	6.1	7.7	4.7	7.1	6.5	5.5	17.54099	0.0	0.01263	0	0	0	0	0	0	0	0	0	0	0	0	0	0.0	1.0	0.0	0.0	1.8887957	1.3632243	2.5748522	71.91806
2.0	1979	5.8	11.3	2.6	6.1	7.7	4.7	18.17591	0.0	0.01673	0	0	0	0	0	0	0	0	0	0	0	0	0	0.0	1.0	0.0	0.0	1.8838983	1.2991581	2.4474816	58.162914
2.0	1980	7.1	13.5	-0.4	5.8	11.3	2.6	19.73285	0.0	0.022449	0	0	0	0	0	0	0	0	0	0	0	0	0	0.0	0.0	1.0	0.0	2.0310316	1.2991581	2.638631	23.67942
2.0	1981	7.5	10.4	3.4	7.1	13.5	-0.4	21.51057	0.0	0.021138	0	0	0	0	0	0	0	0	0	0	0	0	0	0.0	0.0	1.0	0.0	2.002635	0.43317163	0.8674847	36.56797
2.0	1982	9.5	6.1	-3.0	7.5	10.4	3.4	20.53895	0.0	0.01793	0	0	0	0	0	0	0	0	0	0	0	0	0	0.0	0.0	1.0	0.0	1.9912306	0.43317163	0.8625446	-6.1616855
2.0	1983	9.5	3.2	2.9	9.5	6.1	-3.0	18.56972	0.0	0.014882	0	0	0	0	0	0	0	0	0	0	0	0	0	0.0	0.0	1.0	0.0	1.6761642	0.5443456	0.9124126	50.138245
2.0	1984	7.5	4.3	7.2	9.5	3.2	2.9	17.81588	0.0	0.015458	0	0	0	0	0	0	0	0	0	0	0	0	0	0.0	0.0	1.0	0.0	1.6540775	0.5443456	0.90038985	83.734634
2.0	1985	7.1	3.5	3.8	7.5	4.3	7.2	18.02899	0.0	0.012709	0	0	0	0	0	0	0	0	0	0	0	0	0	0.0	0.0	0.0	0.0	2.1234744	0.47651064	1.0118581	63.101463
2.0	1986	7.0	1.9	2.8	7.1	3.5	3.8	17.20371	0.0	0.006475	0	0	0	0	0	0	0	0	0	0	0	0	0	0.0	0.0	0.0	1.0	2.112881	0.47651064	1.0068103	51.61113
2.0	1987	6.2	3.7	3.7	7.0	1.9	2.8	17.23095	0.0	0.010027	0	0	0	0	0	0	0	0	0	0	0	0	0	0.0	0.0	0.0	1.0	2.1001842	0.49723804	1.0442915	58.585228
2.0	1988	5.5	4.1	4.6	6.2	3.7	3.7	18.29418	0.0	0.00816	0	0	0	0	0	0	0	0	0	0	0	0	0	0.0	0.0	0.0	1.0	1.9438641	0.49723804	0.96656317	82.32381
2.0	1989	5.270084	4.8	2.8	5.5	4.1	4.6	19.413527	0.0	0.00816	0	0	0	0	0	0	0	0	0	0	0	0	0	0.0	0.0	0.0	1.0	1.9470344	0.49723804	0.9681395	64.06464
2.0	1990	5.41456	5.4	0.9	5.270084	4.8	2.8	20.638363	0.0	0.00816	0	0	0	0	0	0	0	0	0	0	0	0	0	0.0	0.0	0.0	1.0	2.0092444	0.5386927	1.0823654	49.532074
20.0	1966	3.6	3.7	6.8021674	3.9	2.9498525	6.6366653	38.45467	0.0	8.91E-4	1	0	0	0	0	0	0	0	0	0	0	0	0	1.0	0.0	0.0	0.0	2.2677426	1.3387284	3.0358915	207.65523
20.0	1967	4.1	3.6	2.9236457	3.6	3.7	6.8021674	40.16167	0.0	8.8E-4	1	0	0	0	0	0	0	0	0	0	0	0	0	1.0	0.0	0.0	0.0	2.2981367	1.3387284	3.076581	148.59819
20.0	1968	4.8	4.0	5.6	4.1	3.6	2.9236457	41.06574	0.0	8.62E-4	1	0	0	0	0	0	0	0	0	0	0	0	0	1.0	0.0	0.0	0.0	2.3092508	1.5252745	3.5222414	234.0747
20.0	1969	4.7	4.6	5.2	4.8	4.0	5.6	42.76849	0.0	6.54E-4	1	0	0	0	0	0	0	0	0	0	0	0	0	1.0	0.0	0.0	0.0	2.3185737	1.5252745	3.5364614	226.673
20.0	1970	5.9	3.3	2.6	4.7	4.6	5.2	44.16533	0.0	2.86E-4	1	0	0	0	0	0	0	0	0	0	0	0	0	1.0	0.0	0.0	0.0	2.32556	1.5252745	3.5471175	150.16212
20.0	1971	6.4	2.8	7.0	5.9	3.3	2.6	43.8499	0.0	1.56E-4	1	0	0	0	0	0	0	0	0	0	0	0	0	1.0	0.0	0.0	0.0	2.3221345	1.5252745	3.5418925	166.62961
20.0	1972	6.3	4.8	5.8	6.4	2.8	7.0	42.67813	0.0	-4.3E-4	1	0	0	0	0	0	0	0	0	0	0	0	0	1.0	0.0	0.0	0.0	2.3198009	1.3293068	3.0837271	226.1941
20.0	1973	5.6	7.6	7.5	6.3	4.8	5.8	43.88472	0.0	-0.00137	1	0	0	0	0	0	0	0	0	0	0	0	0	1.0	0.0	0.0	0.0	2.1338942	1.3293068	2.8366	263.30832
20.0	1974	5.4	10.9	3.5	5.6	7.6	7.5	46.41543	0.0	-0.00198	1	0	0	0	0	0	0	0	0	0	0	0	0	0.0	1.0	0.0	0.0	2.2274292	1.3387284	2.9819226	37.132343
20.0	1975	6.9	10.8	1.1	5.4	10.9	3.5	50.49331	0.0	5.24E-4	1	0	0	0	0	0	0	0	0	0	0	0	0	0.0	1.0	0.0	0.0	2.0393605	1.3387284	2.73015	-15.147993
20.0	1976	7.1	7.5	6.1	6.9	10.8	1.1	48.16162	0.0	0.003198	1	0	0	0	0	0	0	0	0	0	0	0	0	0.0	1.0	0.0	0.0	2.049015	1.3387284	2.7430747	240.8081
20.0	1977	8.1	8.0	2.2	7.1	7.5	6.1	46.12166	0.0	0.00492	1	0	0	0	0	0	0	0	0	0	0	0	0	0.0	1.0	0.0	0.0	2.0666142	1.3387284	2.7666352	166.03796
20.0	1978	8.4	8.9	3.9	8.1	8.0	2.2	48.00311	0.0	0.003832	1	0	0	0	0	0	0	0	0	0	0	0	0	0.0	1.0	0.0	0.0	1.8683482	1.3387284	2.501211	196.81274
20.0	1979	7.5	9.2	3.4	8.4	8.9	3.9	51.22656	0.0	0.003733	1	0	0	0	0	0	0	0	0	0	0	0	0	0.0	1.0	0.0	0.0	1.8808043	0.4897008	0.92103136	163.92499
20.0	1980	7.5	10.2	1.0	7.5	9.2	3.4	54.93203	0.0	0.006605	1	0	0	0	0	0	0	0	0	0	0	0	0	0.0	0.0	1.0	0.0	1.8730276	1.5083158	2.825117	65.91844
20.0	1981	7.6	12.5	4.0	7.5	10.2	1.0	55.77161	0.0	0.007575	1	0	0	0	0	0	0	0	0	0	0	0	0	0.0	0.0	1.0	0.0	1.8931972	1.5083158	2.8555393	94.81174
20.0	1982	11.0	10.8	-4.3	7.6	12.5	4.0	54.325	0.0	-9.5E-4	1	0	0	0	0	0	0	0	0	0	0	0	0	0.0	0.0	1.0	0.0	1.8961625	1.5083158	2.8600118	-16.2975
20.0	1983	11.9	5.9	2.8	11.0	10.8	-4.3	48.58355	0.0	-0.00747	1	0	0	0	0	0	0	0	0	0	0	0	0	0.0	0.0	1.0	0.0	1.627354	1.5083158	2.4545639	131.17558
20.0	1984	11.3	4.3	5.4	11.9	5.9	2.8	48.40208	0.0	-0.00833	1	0	0	0	0	0	0	0	0	0	0	0	0	0.0	0.0	1.0	0.0	1.6817487	0.050657988	0.08519401	227.48978
20.0	1985	10.5	4.0	4.7	11.3	4.3	5.4	53.52345	0.0	-0.01115	1	0	0	0	0	0	0	0	0	0	0	0	0	0.0	0.0	0.0	0.0	1.6778903	0.050657988	0.08499855	187.33208
20.0	1986	9.6	4.2	3.1	10.5	4.0	4.7	54.3082	0.0	-0.00372	1	0	0	0	0	0	0	0	0	0	0	0	0	0.0	0.0	0.0	1.0	1.6819189	0.050657988	0.08520263	162.9246
20.0	1987	8.9	4.4	4.5	9.6	4.2	3.1	53.4611	0.0	-0.00511	1	0	0	0	0	0	0	0	0	0	0	0	0	0.0	0.0	0.0	1.0	1.6872132	0.050657988	0.085470825	181.76775
20.0	1988	7.8	4.0	5.0	8.9	4.4	4.5	52.15683	0.0	-0.00523	1	0	0	0	0	0	0	0	0	0	0	0	0	0.0	0.0	0.0	1.0	1.6000367	0.45201468	0.7232401	234.70573
20.0	1989	7.4952145	5.0	2.4	7.8	4.0	5.0	52.077396	0.0	-0.00523	1	0	0	0	0	0	0	0	0	0	0	0	0	0.0	0.0	0.0	1.0	1.6037323	0.45201468	0.72491056	171.85541
20.0	1990	8.059593	4.8	0.4	7.4952145	5.0	2.4	49.932476	0.0	-0.00523	1	0	0	0	0	0	0	0	0	0	0	0	0	0.0	0.0	0.0	1.0	1.7091097	0.45201468	0.77254266	119.837944
200.0	1966	1.5	3.9	1.8770983	1.5	4.9	2.5284631	37.9319	1.0	0.003318	0	1	0	0	0	0	0	0	0	0	0	0	0	1.0	0.0	0.0	0.0	2.141038	3.0338082	6.4954987	204.83226
200.0	1967	2.3	2.5	2.2550652	1.5	3.9	1.8770983	37.83032	1.0	0.003497	0	1	0	0	0	0	0	0	0	0	0	0	0	1.0	0.0	0.0	0.0	2.1337404	3.0338082	6.473359	139.97218
200.0	1968	2.5	4.7	4.1	2.3	2.5	2.2550652	37.76296	1.0	0.003617	0	1	0	0	0	0	0	0	0	0	0	0	0	1.0	0.0	0.0	0.0	2.1282299	3.0338082	6.456641	215.24886
200.0	1969	2.4	5.4	1.5	2.5	4.7	4.1	41.92546	2.0	0.00385	0	1	0	0	0	0	0	0	0	0	0	0	0	1.0	0.0	0.0	0.0	2.1299272	3.0338082	6.4617906	222.20496
200.0	1970	2.6	6.4	2.2	2.4	5.4	1.5	42.79789	2.0	0.003936	0	1	0	0	0	0	0	0	0	0	0	0	0	1.0	0.0	0.0	0.0	2.1551151	1.1379013	2.4523084	145.51283
200.0	1971	3.5	9.4	2.7	2.6	6.4	2.2	44.08434	1.0	0.004896	0	1	0	0	0	0	0	0	0	0	0	0	0	1.0	0.0	0.0	0.0	2.2183137	1.1379013	2.5242221	167.5205
200.0	1972	3.8	7.1	2.3	3.5	9.4	2.7	43.51069	1.0	0.005104	0	1	0	0	0	0	0	0	0	0	0	0	0	1.0	0.0	0.0	0.0	2.2120447	1.1379013	2.5170887	230.60666
200.0	1973	2.7	9.2	7.6	3.8	7.1	2.3	42.86721	1.0	0.006741	0	1	0	0	0	0	0	0	0	0	0	0	0	1.0	0.0	0.0	0.0	2.1828098	1.1379013	2.483822	257.20325
200.0	1974	2.6	16.0	-1.0	2.7	9.2	7.6	48.8228	1.0	0.024008	0	1	0	0	0	0	0	0	0	0	0	0	0	0.0	1.0	0.0	0.0	2.71987	2.747394	7.472555	39.05824
200.0	1975	4.0	24.2	-0.7	2.6	16.0	-1.0	59.62837	1.0	0.020749	0	1	0	0	0	0	0	0	0	0	0	0	0	0.0	1.0	0.0	0.0	2.771193	2.8095763	7.785878	-17.888512
200.0	1976	5.5	16.5	3.8	4.0	24.2	-0.7	52.51037	1.0	0.019791	0	1	0	0	0	0	0	0	0	0	0	0	0	0.0	1.0	0.0	0.0	2.7923062	2.8095763	7.845197	262.55185
200.0	1977	5.8	15.8	1.0	5.5	16.5	3.8	56.87488	1.0	0.013439	0	1	0	0	0	0	0	0	0	0	0	0	0	0.0	1.0	0.0	0.0	2.8195338	2.8095763	7.921695	204.74957
200.0	1978	5.7	8.3	3.6	5.8	15.8	1.0	59.06499	1.0	0.010405	0	1	0	0	0	0	0	0	0	0	0	0	0	0.0	1.0	0.0	0.0	2.8063033	2.8095763	7.884523	242.16646
200.0	1979	5.3	13.4	2.2	5.7	8.3	3.6	55.53134	1.0	0.006291	0	1	0	0	0	0	0	0	0	0	0	0	0	0.0	1.0	0.0	0.0	2.8242319	1.0399175	2.936968	177.7003
200.0	1980	7.0	18.0	-2.3	5.3	13.4	2.2	55.78893	0.0	0.001062	0	1	0	0	0	0	0	0	0	0	0	0	0	0.0	0.0	1.0	0.0	3.082917	1.0399175	3.205979	66.94672
200.0	1981	10.5	11.9	-1.4	7.0	18.0	-2.3	52.5135	0.0	-0.01187	0	1	0	0	0	0	0	0	0	0	0	0	0	0.0	0.0	1.0	0.0	3.0468602	1.0399175	3.1684833	89.27295
200.0	1982	11.2	8.6	1.5	10.5	11.9	-1.4	50.54586	0.0	-0.01862	0	1	0	0	0	0	0	0	0	0	0	0	0	0.0	0.0	1.0	0.0	2.9689035	1.0399175	3.0874147	-15.163758
200.0	1983	11.7	4.6	3.4	11.2	8.6	1.5	51.03159	0.0	-0.02385	0	1	0	0	0	0	0	0	0	0	0	0	0	0.0	0.0	1.0	0.0	2.5827038	0.6837841	1.7660118	137.7853
200.0	1984	11.7	5.0	1.8	11.7	4.6	3.4	52.77322	0.0	-0.02142	0	1	0	0	0	0	0	0	0	0	0	0	0	0.0	0.0	1.0	0.0	2.5458453	0.6837841	1.7408086	248.03412
200.0	1985	11.2	6.1	3.7	11.7	5.0	1.8	58.07664	0.0	-0.02456	0	1	0	0	0	0	0	0	0	0	0	0	0	0.0	0.0	0.0	0.0	2.892965	0.6837841	1.9781636	203.26825
200.0	1986	11.2	3.4	3.5	11.2	6.1	3.7	57.58285	0.0	-0.01011	0	1	0	0	0	0	0	0	0	0	0	0	0	0.0	0.0	0.0	1.0	2.868544	0.6837841	1.9614649	172.74855
200.0	1987	10.2	4.2	4.7	11.2	3.4	3.5	53.52335	0.0	-0.01378	0	1	0	0	0	0	0	0	0	0	0	0	0	0.0	0.0	0.0	1.0	2.8511584	0.8175696	2.3310204	181.9794
200.0	1988	8.3	4.9	4.1	10.2	4.2	4.7	52.65015	0.0	-0.00775	0	1	0	0	0	0	0	0	0	0	0	0	0	0.0	0.0	0.0	1.0	3.1331866	0.8175696	2.561598	236.92567
200.0	1989	6.1140733	7.8	2.3	8.3	4.9	4.1	50.24818	0.0	-0.00775	0	1	0	0	0	0	0	0	0	0	0	0	0	0.0	0.0	0.0	1.0	3.112492	0.8175696	2.544679	165.819
200.0	1990	5.4717445	9.5	0.8	6.1140733	7.8	2.3	52.35597	0.0	-0.00775	0	1	0	0	0	0	0	0	0	0	0	0	0	0.0	0.0	0.0	1.0	2.888722	0.8175696	2.3617313	125.65433
210.0	1966	1.0	5.8	1.8770983	0.6	6.0	2.5284631	87.05895	2.0	0.004496	0	0	1	0	0	0	0	0	0	0	0	0	0	1.0	0.0	0.0	0.0	2.3013365	2.384517	5.487576	470.11835
210.0	1967	2.0	3.5	2.2550652	1.0	5.8	1.8770983	85.44972	2.0	0.004435	0	0	1	0	0	0	0	0	0	0	0	0	0	1.0	0.0	0.0	0.0	2.3025136	2.1175904	4.8757806	316.16397
210.0	1968	1.9	3.7	2.3	2.0	3.5	2.2550652	82.56051	3.0	0.004747	0	0	1	0	0	0	0	0	0	0	0	0	0	1.0	0.0	0.0	0.0	2.313736	2.121359	4.9082646	470.59488
210.0	1969	1.4	7.5	6.4	1.9	3.7	2.3	82.63106	2.0	0.004856	0	0	1	0	0	0	0	0	0	0	0	0	0	1.0	0.0	0.0	0.0	2.3110516	2.121359	4.9025702	437.9446
210.0	1970	1.1	3.6	6.7	1.4	7.5	6.4	86.03879	2.0	0.005194	0	0	1	0	0	0	0	0	0	0	0	0	0	1.0	0.0	0.0	0.0	2.2985408	2.121359	4.8760304	292.5319
210.0	1971	1.6	7.5	4.2	1.1	3.6	6.7	91.87628	2.0	0.00587	0	0	1	0	0	0	0	0	0	0	0	0	0	1.0	0.0	0.0	0.0	2.2881913	2.2305	5.103811	349.12985
210.0	1972	2.8	7.8	3.3	1.6	7.5	4.2	91.26911	1.0	0.006747	0	0	1	0	0	0	0	0	0	0	0	0	0	1.0	0.0	0.0	0.0	2.2992136	2.249343	5.17172	483.72632
210.0	1973	2.8	8.0	4.7	2.8	7.8	3.3	87.19008	1.0	0.009188	0	0	1	0	0	0	0	0	0	0	0	0	0	1.0	0.0	0.0	0.0	2.1557221	2.788601	6.011449	523.1405
210.0	1974	3.5	9.6	4.0	2.8	8.0	4.7	91.15795	1.0	0.028137	0	0	1	0	0	0	0	0	0	0	0	0	0	0.0	1.0	0.0	0.0	2.1691017	2.788601	6.048759	72.92636
210.0	1975	5.3	10.2	-0.1	3.5	9.6	4.0	104.9757	1.0	0.026536	0	0	1	0	0	0	0	0	0	0	0	0	0	0.0	1.0	0.0	0.0	2.2654347	2.788601	6.3173933	-31.492712
210.0	1976	5.6	8.8	5.1	5.3	10.2	-0.1	96.28062	1.0	0.032235	0	0	1	0	0	0	0	0	0	0	0	0	0	0.0	1.0	0.0	0.0	2.2627888	2.788601	6.3100147	481.40308
210.0	1977	5.5	6.4	2.3	5.6	8.8	5.1	98.3404	1.0	0.031838	0	0	1	0	0	0	0	0	0	0	0	0	0	0.0	1.0	0.0	0.0	2.2590497	2.02821	4.581827	354.02542
210.0	1978	5.5	4.1	2.5	5.5	6.4	2.3	93.89299	0.0	0.033198	0	0	1	0	0	0	0	0	0	0	0	0	0	0.0	1.0	0.0	0.0	2.1685562	2.02821	4.3982873	384.96124
210.0	1979	5.6	4.2	2.4	5.5	4.1	2.5	89.75119	0.0	0.048353	0	0	1	0	0	0	0	0	0	0	0	0	0	0.0	1.0	0.0	0.0	2.1680706	2.02821	4.397302	287.20383
210.0	1980	6.0	6.5	0.9	5.6	4.2	2.4	98.66754	0.0	0.073261	0	0	1	0	0	0	0	0	0	0	0	0	0	0.0	0.0	1.0	0.0	2.2205038	2.02821	4.503648	118.401054
210.0	1981	8.9	6.7	-0.7	6.0	6.5	0.9	105.5502	0.0	0.069064	0	0	1	0	0	0	0	0	0	0	0	0	0	0.0	0.0	1.0	0.0	2.2037065	2.534567	5.585442	179.43535
210.0	1982	10.3	6.0	-1.4	8.9	6.7	-0.7	112.4727	0.0	0.063393	0	0	1	0	0	0	0	0	0	0	0	0	0	0.0	0.0	1.0	0.0	2.1880858	1.8386391	4.0231004	-33.741814
210.0	1983	12.3	2.8	0.9	10.3	6.0	-1.4	111.3337	0.0	0.050717	0	0	1	0	0	0	0	0	0	0	0	0	0	0.0	0.0	1.0	0.0	2.1783118	1.8386391	4.0051293	300.601
210.0	1984	12.3	3.3	1.7	12.3	2.8	0.9	112.8105	0.0	0.049702	0	0	1	0	0	0	0	0	0	0	0	0	0	0.0	0.0	1.0	0.0	2.1477227	1.8386391	3.948887	530.20935
210.0	1985	10.2	2.3	2.6	12.3	3.3	1.7	119.0031	0.0	0.043322	0	0	1	0	0	0	0	0	0	0	0	0	0	0.0	0.0	0.0	0.0	2.5514846	1.8386391	4.6912594	416.51083
210.0	1986	10.0	0.1	2.0	10.2	2.3	2.6	122.6721	0.0	0.02164	0	0	1	0	0	0	0	0	0	0	0	0	0	0.0	0.0	0.0	1.0	2.533107	2.0168297	5.1088457	368.0163
210.0	1987	10.0	-0.7	1.1	10.0	0.1	2.0	104.1273	0.0	0.028134	0	0	1	0	0	0	0	0	0	0	0	0	0	0.0	0.0	0.0	1.0	2.5280075	2.0168297	5.098561	354.0328
210.0	1988	10.1	0.7	2.7	10.0	-0.7	1.1	102.312	0.0	0.02466	0	0	1	0	0	0	0	0	0	0	0	0	0	0.0	0.0	0.0	1.0	2.1886103	2.0168297	4.4140544	460.404
210.0	1989	8.31223	1.1	4.0	10.1	0.7	2.7	105.05729	0.0	0.02466	0	0	1	0	0	0	0	0	0	0	0	0	0	0.0	0.0	0.0	1.0	2.1904917	2.0607886	4.51414	346.68906
210.0	1990	7.508731	2.5	3.9	8.31223	1.1	4.0	111.76222	0.0	0.02466	0	0	1	0	0	0	0	0	0	0	0	0	0	0.0	0.0	0.0	1.0	2.220921	2.5603027	5.68623	268.22934
211.0	1966	2.7	4.2	3.1622589	2.4	5.3	3.5606449	73.61844	2.0	0.004817	0	0	0	1	0	0	0	0	0	0	0	0	0	1.0	0.0	0.0	0.0	3.1595132	1.1400831	3.6021075	397.53958
211.0	1967	3.7	2.9	3.8753977	2.7	4.2	3.1622589	74.54204	2.0	0.004916	0	0	0	1	0	0	0	0	0	0	0	0	0	1.0	0.0	0.0	0.0	3.24541	1.1400831	3.700037	275.80554
211.0	1968	4.5	2.7	4.2	3.7	2.9	3.8753977	73.58559	2.0	0.005691	0	0	0	1	0	0	0	0	0	0	0	0	0	1.0	0.0	0.0	0.0	3.2622151	2.352583	7.6746316	419.43784
211.0	1969	3.6	3.8	6.6	4.5	2.7	4.2	78.44779	1.0	0.005838	0	0	0	1	0	0	0	0	0	0	0	0	0	1.0	0.0	0.0	0.0	3.2790065	2.352583	7.7141347	415.77332
211.0	1970	2.9	3.9	6.4	3.6	3.8	6.6	84.37925	1.0	0.006172	0	0	0	1	0	0	0	0	0	0	0	0	0	1.0	0.0	0.0	0.0	3.2971966	2.352583	7.7569284	286.88947
211.0	1971	2.9	4.3	3.7	2.9	3.9	6.4	86.75947	1.0	0.007627	0	0	0	1	0	0	0	0	0	0	0	0	0	1.0	0.0	0.0	0.0	3.2667944	2.539129	8.294812	329.68597
211.0	1972	3.4	5.4	5.3	2.9	4.3	3.7	86.10609	0.0	0.008023	0	0	0	1	0	0	0	0	0	0	0	0	0	1.0	0.0	0.0	0.0	3.304874	2.4053931	7.949521	456.36227
211.0	1973	3.6	7.0	5.9	3.4	5.4	5.3	85.15666	0.0	0.010939	0	0	0	1	0	0	0	0	0	0	0	0	0	1.0	0.0	0.0	0.0	3.2276642	2.2055082	7.11864	510.93997
211.0	1974	4.0	12.7	4.1	3.6	7.0	5.9	94.41487	0.0	0.034803	0	0	0	1	0	0	0	0	0	0	0	0	0	0.0	1.0	0.0	0.0	3.2457547	1.1135293	3.614243	75.5319
211.0	1975	6.7	12.8	-1.5	4.0	12.7	4.1	108.1774	0.0	0.033785	0	0	0	1	0	0	0	0	0	0	0	0	0	0.0	1.0	0.0	0.0	3.2478783	1.1430087	3.7123532	-32.45322
211.0	1976	6.8	9.2	5.3	6.7	12.8	-1.5	93.60921	0.0	0.034908	0	0	0	1	0	0	0	0	0	0	0	0	0	0.0	1.0	0.0	0.0	3.2652178	1.1430087	3.7321723	468.04602
211.0	1977	7.8	7.1	0.4	6.8	9.2	5.3	98.26746	0.0	0.038089	0	0	0	1	0	0	0	0	0	0	0	0	0	0.0	1.0	0.0	0.0	3.2832992	2.2222686	7.296373	353.76285
211.0	1978	8.4	4.5	3.0	7.8	7.1	0.4	107.1681	0.0	0.038851	0	0	0	1	0	0	0	0	0	0	0	0	0	0.0	1.0	0.0	0.0	3.23434	2.107326	6.815809	439.3892
211.0	1979	8.7	4.5	2.1	8.4	4.5	3.0	104.3904	0.0	0.055391	0	0	0	1	0	0	0	0	0	0	0	0	0	0.0	1.0	0.0	0.0	3.2507203	2.1590948	7.0186133	334.0493
211.0	1980	9.4	6.6	4.0	8.7	4.5	2.1	115.2146	0.0	0.079104	0	0	0	1	0	0	0	0	0	0	0	0	0	0.0	0.0	1.0	0.0	3.4845214	2.1590948	7.523412	138.25752
211.0	1981	10.0	7.6	-1.5	9.4	6.6	4.0	121.3896	0.0	0.073828	0	0	0	1	0	0	0	0	0	0	0	0	0	0.0	0.0	1.0	0.0	3.5059576	1.6259359	5.7004623	206.36234
211.0	1982	11.7	8.7	1.5	10.0	7.6	-1.5	130.5714	0.0	0.077013	0	0	0	1	0	0	0	0	0	0	0	0	0	0.0	0.0	1.0	0.0	3.5189657	1.2002816	4.22375	-39.17142
211.0	1983	12.9	7.7	-0.1	11.7	8.7	1.5	138.4857	0.0	0.08346	0	0	0	1	0	0	0	0	0	0	0	0	0	0.0	0.0	1.0	0.0	3.2891324	1.2002816	3.947885	373.9114
211.0	1984	13.0	6.3	1.4	12.9	7.7	-0.1	137.1896	0.0	0.056782	0	0	0	1	0	0	0	0	0	0	0	0	0	0.0	0.0	1.0	0.0	3.2851765	1.2002816	3.943137	644.79114
211.0	1985	12.0	4.9	0.9	13.0	6.3	1.4	146.0202	0.0	0.053489	0	0	0	1	0	0	0	0	0	0	0	0	0	0.0	0.0	0.0	0.0	3.2863352	1.7407793	5.720784	511.0707
211.0	1986	11.3	1.3	1.6	12.0	4.9	0.9	141.2755	0.0	0.02668	0	0	0	1	0	0	0	0	0	0	0	0	0	0.0	0.0	0.0	1.0	3.371255	1.7407793	5.868611	423.82648
211.0	1987	11.1	1.6	1.9	11.3	1.3	1.6	127.2102	0.0	0.037709	0	0	0	1	0	0	0	0	0	0	0	0	0	0.0	0.0	0.0	1.0	3.349063	2.1748385	7.283671	432.51468
211.0	1988	10.0	1.2	4.3	11.1	1.6	1.9	126.9076	0.0	0.028386	0	0	0	1	0	0	0	0	0	0	0	0	0	0.0	0.0	0.0	1.0	3.3237967	2.1748385	7.228721	571.0842
211.0	1989	9.266409	3.1	3.6	10.0	1.2	4.3	133.28113	0.0	0.028386	0	0	0	1	0	0	0	0	0	0	0	0	0	0.0	0.0	0.0	1.0	3.3008919	2.1748385	7.178907	439.82773
211.0	1990	8.734147	3.4	3.8	9.266409	3.1	3.6	142.68608	0.0	0.028386	0	0	0	1	0	0	0	0	0	0	0	0	0	0.0	0.0	0.0	1.0	3.2591488	2.1748385	7.0881224	342.4466
220.0	1966	0.7	2.7	5.2141824	0.7	2.9	4.7780647	24.30256	0.0	0.002547	0	0	0	0	1	0	0	0	0	0	0	0	0	1.0	0.0	0.0	0.0	0.865855	0.25793147	0.22333124	131.23383
220.0	1967	0.9	2.7	4.6882105	0.7	2.7	5.2141824	25.00878	0.0	0.002818	0	0	0	0	1	0	0	0	0	0	0	0	0	1.0	0.0	0.0	0.0	0.8671603	0.92685926	0.80373555	92.532486
220.0	1968	1.2	4.5	4.3	0.9	2.7	4.6882105	24.85014	0.0	0.002943	0	0	0	0	1	0	0	0	0	0	0	0	0	1.0	0.0	0.0	0.0	0.8684156	0.10153425	0.088173926	141.6458
220.0	1969	1.0	6.4	7.0	1.2	4.5	4.3	25.40206	1.0	0.003132	0	0	0	0	1	0	0	0	0	0	0	0	0	1.0	0.0	0.0	0.0	0.9001858	0.10153425	0.09139969	134.63092
220.0	1970	1.2	5.2	5.7	1.0	6.4	7.0	27.82975	1.0	0.00356	0	0	0	0	1	0	0	0	0	0	0	0	0	1.0	0.0	0.0	0.0	0.92271876	0.10153425	0.09368756	94.621155
220.0	1971	1.6	5.5	5.4	1.2	5.2	5.7	31.51196	1.0	0.004441	0	0	0	0	1	0	0	0	0	0	0	0	0	1.0	0.0	0.0	0.0	0.9157469	0.10153425	0.09297968	119.745445
220.0	1972	2.0	6.2	5.9	1.6	5.5	5.4	32.18585	1.0	0.005025	0	0	0	0	1	0	0	0	0	0	0	0	0	1.0	0.0	0.0	0.0	0.91764927	0.10153425	0.093172826	170.585
220.0	1973	2.6	7.3	5.4	2.0	6.2	5.9	32.61595	1.0	0.007305	0	0	0	0	1	0	0	0	0	0	0	0	0	1.0	0.0	0.0	0.0	0.87112117	0.7478504	0.65146834	195.69571
220.0	1974	2.8	13.7	3.2	2.6	7.3	5.4	34.76036	1.0	0.02456	0	0	0	0	1	0	0	0	0	0	0	0	0	0.0	1.0	0.0	0.0	1.012976	0.8104043	0.82092017	27.808289
220.0	1975	4.1	11.8	0.2	2.8	13.7	3.2	43.20575	1.0	0.021643	0	0	0	0	1	0	0	0	0	0	0	0	0	0.0	1.0	0.0	0.0	0.90343404	0.8729583	0.7886602	-12.961725
220.0	1976	4.4	9.6	5.2	4.1	11.8	0.2	37.32651	1.0	0.025948	0	0	0	0	1	0	0	0	0	0	0	0	0	0.0	1.0	0.0	0.0	0.9100275	1.0800333	0.98286	186.63255
220.0	1977	4.7	9.4	3.1	4.4	9.6	5.2	40.42973	1.0	0.025172	0	0	0	0	1	0	0	0	0	0	0	0	0	0.0	1.0	0.0	0.0	0.9059851	1.0800333	0.9784941	145.54703
220.0	1978	5.2	9.1	3.8	4.7	9.4	3.1	41.56883	1.0	0.024957	0	0	0	0	1	0	0	0	0	0	0	0	0	0.0	1.0	0.0	0.0	1.189688	1.0273224	1.2221931	170.43219
220.0	1979	5.9	10.8	3.3	5.2	9.1	3.8	40.2554	1.0	0.035839	0	0	0	0	1	0	0	0	0	0	0	0	0	0.0	1.0	0.0	0.0	1.1729864	1.0273224	1.2050352	128.81729
220.0	1980	6.3	13.6	1.1	5.9	10.8	3.3	42.54165	1.0	0.054738	0	0	0	0	1	0	0	0	0	0	0	0	0	0.0	0.0	1.0	0.0	1.0881071	1.0273224	1.1178368	51.04998
220.0	1981	7.3	13.4	0.5	6.3	13.6	1.1	44.89193	1.0	0.050919	0	0	0	0	1	0	0	0	0	0	0	0	0	0.0	0.0	1.0	0.0	1.0703732	3.3505697	3.58636	76.316284
220.0	1982	8.1	11.8	1.8	7.3	13.4	0.5	46.89539	1.0	0.047565	0	0	0	0	1	0	0	0	0	0	0	0	0	0.0	0.0	1.0	0.0	1.067037	3.352727	3.5774837	-14.068618
220.0	1983	8.3	9.6	0.7	8.1	11.8	1.8	46.22432	1.0	0.038603	0	0	0	0	1	0	0	0	0	0	0	0	0	0.0	0.0	1.0	0.0	1.532429	3.3937104	5.20062	124.805664
220.0	1984	9.9	7.4	1.3	8.3	9.6	0.7	45.69321	1.0	0.039483	0	0	0	0	1	0	0	0	0	0	0	0	0	0.0	0.0	1.0	0.0	1.5188369	3.3937104	5.1544924	214.75809
220.0	1985	10.2	5.8	1.9	9.9	7.4	1.3	47.64652	1.0	0.034556	0	0	0	0	1	0	0	0	0	0	0	0	0	0.0	0.0	0.0	0.0	1.0084028	1.9556891	1.9721224	166.76282
220.0	1986	10.4	2.7	2.3	10.2	5.8	1.9	47.21023	1.0	0.014377	0	0	0	0	1	0	0	0	0	0	0	0	0	0.0	0.0	0.0	1.0	0.99520683	0.90424764	0.89991343	141.63069
220.0	1987	10.5	3.1	1.9	10.4	2.7	2.3	41.62719	1.0	0.021742	0	0	0	0	1	0	0	0	0	0	0	0	0	0.0	0.0	0.0	1.0	0.98314023	0.90424764	0.88900226	141.53246
220.0	1988	9.9	2.7	3.5	10.5	3.1	1.9	41.46514	1.0	0.016151	0	0	0	0	1	0	0	0	0	0	0	0	0	0.0	0.0	0.0	1.0	0.4759121	2.4594924	1.1705022	186.59314
220.0	1989	9.379112	3.6	3.6	9.9	2.7	3.5	42.861233	1.0	0.016151	0	0	0	0	1	0	0	0	0	0	0	0	0	0.0	0.0	0.0	1.0	0.4635272	2.4594924	1.1400417	141.44206
220.0	1990	8.970955	3.4	2.6	9.379112	3.6	3.6	49.667118	1.0	0.016151	0	0	0	0	1	0	0	0	0	0	0	0	0	0.0	0.0	0.0	1.0	0.4149549	2.4594924	1.0205784	119.20109
260.0	1966	0.7	3.5	2.9414163	0.6	3.5	5.4825873	37.89446	0.0	0.002772	0	0	0	0	0	1	0	0	0	0	0	0	0	1.0	0.0	0.0	0.0	3.6642718	1.7473248	6.4026732	204.63008
260.0	1967	2.1	1.4	-0.118888296	0.7	3.5	2.9414163	38.81367	0.0	0.002907	0	0	0	0	0	1	0	0	0	0	0	0	0	1.0	0.0	0.0	0.0	3.660564	1.7473248	6.3961945	143.61058
260.0	1968	1.5	2.9	6.3	2.1	1.4	-0.118888296	39.50642	0.0	0.00314	0	0	0	0	0	1	0	0	0	0	0	0	0	1.0	0.0	0.0	0.0	3.6556258	1.7473248	6.3875656	225.18658
260.0	1969	0.9	1.9	7.8	1.5	2.9	6.3	41.40414	0.0	0.003213	0	0	0	0	0	1	0	0	0	0	0	0	0	1.0	0.0	0.0	0.0	3.6537733	2.4905338	9.099846	219.44196
260.0	1970	0.7	3.4	6.0	0.9	1.9	7.8	43.06893	0.0	0.003513	0	0	0	0	0	1	0	0	0	0	0	0	0	1.0	0.0	0.0	0.0	3.6585712	2.4905338	9.111795	146.43437
260.0	1971	0.8	5.3	2.9	0.7	3.4	6.0	43.21042	0.0	0.004317	0	0	0	0	0	1	0	0	0	0	0	0	0	1.0	0.0	0.0	0.0	3.6707394	2.4905338	9.1421	164.19958
260.0	1972	1.1	5.5	4.2	0.8	5.3	2.9	43.2477	0.0	0.004688	0	0	0	0	0	1	0	0	0	0	0	0	0	1.0	0.0	0.0	0.0	3.6767893	2.5211291	9.269661	229.21281
260.0	1973	1.2	6.9	4.7	1.1	5.5	4.2	42.76834	0.0	0.006548	0	0	0	0	0	1	0	0	0	0	0	0	0	1.0	0.0	0.0	0.0	3.7308335	2.5211291	9.405913	256.61005
260.0	1974	2.6	7.0	0.3	1.2	6.9	4.7	44.19636	0.0	0.021087	0	0	0	0	0	1	0	0	0	0	0	0	0	0.0	1.0	0.0	0.0	3.7409785	2.5412612	9.5068035	35.35709
260.0	1975	4.7	6.0	-1.6	2.6	7.0	0.3	52.19484	0.0	0.021153	0	0	0	0	0	1	0	0	0	0	0	0	0	0.0	1.0	0.0	0.0	3.7803712	2.5412612	9.606911	-15.658452
260.0	1976	4.6	4.5	5.4	4.7	6.0	-1.6	49.9167	0.0	0.024317	0	0	0	0	0	1	0	0	0	0	0	0	0	0.0	1.0	0.0	0.0	3.7795868	2.4131286	9.120629	249.5835
260.0	1977	4.5	3.7	3.0	4.6	4.5	5.4	52.59491	0.0	0.025015	0	0	0	0	0	1	0	0	0	0	0	0	0	0.0	1.0	0.0	0.0	3.7907455	2.4131286	9.147556	189.34167
260.0	1978	4.3	2.7	2.9	4.5	3.7	3.0	52.03534	0.0	0.025503	0	0	0	0	0	1	0	0	0	0	0	0	0	0.0	1.0	0.0	0.0	3.7948282	2.4131286	9.157409	213.34488
260.0	1979	3.8	4.1	4.2	4.3	2.7	2.9	50.73377	0.0	0.035203	0	0	0	0	0	1	0	0	0	0	0	0	0	0.0	1.0	0.0	0.0	3.8048472	2.4131286	9.181585	162.34807
260.0	1980	3.8	5.5	1.4	3.8	4.1	4.2	53.40189	0.0	0.052544	0	0	0	0	0	1	0	0	0	0	0	0	0	0.0	0.0	1.0	0.0	3.7921464	1.3605466	5.159392	64.08227
260.0	1981	5.5	6.3	0.2	3.8	5.5	1.4	57.20418	0.0	0.049305	0	0	0	0	0	1	0	0	0	0	0	0	0	0.0	0.0	1.0	0.0	3.7878408	1.3605466	5.153534	97.24711
260.0	1982	7.5	5.3	-0.6	5.5	6.3	0.2	61.45247	0.0	0.048176	0	0	0	0	0	1	0	0	0	0	0	0	0	0.0	0.0	1.0	0.0	3.7840302	1.3605466	5.1483493	-18.435741
260.0	1983	9.1	3.3	1.2	7.5	5.3	-0.6	62.33753	0.0	0.040587	0	0	0	0	0	1	0	0	0	0	0	0	0	0.0	0.0	1.0	0.0	3.7186394	1.3002489	4.8351564	168.31133
260.0	1984	9.1	2.4	2.6	9.1	3.3	1.2	60.67839	0.0	0.041135	0	0	0	0	0	1	0	0	0	0	0	0	0	0.0	0.0	1.0	0.0	3.7035394	1.3002489	4.8155227	285.18842
260.0	1985	9.3	2.2	2.0	9.1	2.4	2.6	64.16871	0.0	0.038172	0	0	0	0	0	1	0	0	0	0	0	0	0	0.0	0.0	0.0	0.0	3.6858182	1.3002489	4.792481	224.59048
260.0	1986	9.0	-0.1	2.3	9.3	2.2	2.0	66.31547	0.0	0.017333	0	0	0	0	0	1	0	0	0	0	0	0	0	0.0	0.0	0.0	1.0	3.6922317	1.3002489	4.80082	198.94641
260.0	1987	8.9	0.2	1.8	9.0	-0.1	2.3	59.98089	0.0	0.02406	0	0	0	0	0	1	0	0	0	0	0	0	0	0.0	0.0	0.0	1.0	3.6862526	1.3965964	5.148207	203.93503
260.0	1988	8.7	1.3	3.7	8.9	0.2	1.8	58.09554	0.0	0.017939	0	0	0	0	0	1	0	0	0	0	0	0	0	0.0	0.0	0.0	1.0	3.653223	1.3965964	5.1020784	261.42993
260.0	1989	6.843749	2.8	3.2	8.7	1.3	3.7	59.254417	0.0	0.017939	0	0	0	0	0	1	0	0	0	0	0	0	0	0.0	0.0	0.0	1.0	3.642294	1.3965964	5.086815	195.53958
260.0	1990	6.2089887	2.7	4.7	6.843749	2.8	3.2	64.47238	0.0	0.017939	0	0	0	0	0	1	0	0	0	0	0	0	0	0.0	0.0	0.0	1.0	3.64393	1.386555	5.0525093	154.73372
305.0	1966	1.7	2.2	5.6429987	1.9	5.7	2.8579783	50.82818	2.0	0.001309	0	0	0	0	0	0	1	0	0	0	0	0	0	1.0	0.0	0.0	0.0	4.819461	2.7594934	13.299271	274.47217
305.0	1967	1.8	4.0	3.0076866	1.7	2.2	5.6429987	51.53986	2.0	0.001283	0	0	0	0	0	0	1	0	0	0	0	0	0	1.0	0.0	0.0	0.0	4.819816	2.7594934	13.30025	190.69748
305.0	1968	2.0	2.8	4.5	1.8	4.0	3.0076866	50.87713	2.0	0.001652	0	0	0	0	0	0	1	0	0	0	0	0	0	1.0	0.0	0.0	0.0	4.7990103	2.7594934	13.242837	289.99963
305.0	1969	1.8	3.1	6.3	2.0	2.8	4.5	51.62636	2.0	0.001692	0	0	0	0	0	0	1	0	0	0	0	0	0	1.0	0.0	0.0	0.0	4.8018236	2.7594934	13.250601	273.61972
305.0	1970	1.4	3.8	7.1	1.8	3.1	6.3	55.52404	2.0	0.001995	0	0	0	0	0	0	1	0	0	0	0	0	0	1.0	0.0	0.0	0.0	4.8060894	3.570835	17.161753	188.78174
305.0	1971	1.2	4.7	5.1	1.4	3.8	7.1	61.16313	2.0	0.002694	0	0	0	0	0	0	1	0	0	0	0	0	0	1.0	0.0	0.0	0.0	4.808448	3.5576448	17.10675	232.41989
305.0	1972	1.0	6.3	6.2	1.2	4.7	5.1	60.62628	2.0	0.002948	0	0	0	0	0	0	1	0	0	0	0	0	0	1.0	0.0	0.0	0.0	4.8096476	3.5576448	17.111017	321.3193
305.0	1973	1.0	7.6	4.9	1.0	6.3	6.2	60.49547	3.0	0.004379	0	0	0	0	0	0	1	0	0	0	0	0	0	1.0	0.0	0.0	0.0	4.717182	3.5576448	16.782059	362.9728
305.0	1974	1.1	9.5	3.9	1.0	7.6	4.9	60.68523	1.0	0.013676	0	0	0	0	0	0	1	0	0	0	0	0	0	0.0	1.0	0.0	0.0	4.7208176	3.5576448	16.794992	48.548183
305.0	1975	1.7	8.4	-0.4	1.1	9.5	3.9	66.36381	1.0	0.014145	0	0	0	0	0	0	1	0	0	0	0	0	0	0.0	1.0	0.0	0.0	4.7305665	3.5576448	16.829676	-19.909143
305.0	1976	1.7	7.3	4.6	1.7	8.4	-0.4	63.06676	1.0	0.016952	0	0	0	0	0	0	1	0	0	0	0	0	0	0.0	1.0	0.0	0.0	4.7356563	3.5576448	16.847782	315.3338
305.0	1977	1.5	5.5	4.4	1.7	7.3	4.6	66.72645	1.0	0.016673	0	0	0	0	0	0	1	0	0	0	0	0	0	0.0	1.0	0.0	0.0	4.743346	3.5576448	16.875141	240.21521
305.0	1978	1.8	3.6	0.5	1.5	5.5	4.4	67.23354	1.0	0.018748	0	0	0	0	0	0	1	0	0	0	0	0	0	0.0	1.0	0.0	0.0	4.6489506	3.5576448	16.539314	275.65753
305.0	1979	1.7	3.7	4.7	1.8	3.6	0.5	66.62471	1.0	0.026658	0	0	0	0	0	0	1	0	0	0	0	0	0	0.0	1.0	0.0	0.0	4.6479278	3.5670662	16.579466	213.19908
305.0	1980	1.6	6.4	3.0	1.7	3.7	4.7	71.77694	1.0	0.043051	0	0	0	0	0	0	1	0	0	0	0	0	0	0.0	0.0	1.0	0.0	4.6637583	3.5670662	16.635935	86.13233
305.0	1981	2.1	6.8	-0.1	1.6	6.4	3.0	75.59992	1.0	0.042511	0	0	0	0	0	0	1	0	0	0	0	0	0	0.0	0.0	1.0	0.0	4.6663647	3.5670662	16.645231	128.51987
305.0	1982	3.1	5.4	1.2	2.1	6.8	-0.1	77.91716	1.0	0.037828	0	0	0	0	0	0	1	0	0	0	0	0	0	0.0	0.0	1.0	0.0	4.6621943	3.5670662	16.630356	-23.375149
305.0	1983	3.8	3.3	2.1	3.1	5.4	1.2	74.13298	1.0	0.030942	0	0	0	0	0	0	1	0	0	0	0	0	0	0.0	0.0	1.0	0.0	4.5006723	3.145379	14.156321	200.15906
305.0	1984	3.8	5.6	2.0	3.8	3.3	2.1	73.28623	1.0	0.032851	0	0	0	0	0	0	1	0	0	0	0	0	0	0.0	0.0	1.0	0.0	4.48409	3.145379	14.104162	344.44528
305.0	1985	3.6	3.2	2.5	3.8	5.6	2.0	77.68645	1.0	0.029363	0	0	0	0	0	0	1	0	0	0	0	0	0	0.0	0.0	0.0	0.0	4.481929	3.145379	14.097365	271.90256
305.0	1986	3.1	1.7	1.1	3.6	3.2	2.5	80.93437	1.0	0.013275	0	0	0	0	0	0	1	0	0	0	0	0	0	0.0	0.0	0.0	1.0	4.4755216	3.064354	13.714582	242.80312
305.0	1987	3.8	1.4	1.9	3.1	1.7	1.1	72.72447	1.0	0.019808	0	0	0	0	0	0	1	0	0	0	0	0	0	0.0	0.0	0.0	1.0	4.472705	3.064354	13.705951	247.26321
305.0	1988	3.6	2.0	4.2	3.8	1.4	1.9	70.36277	1.0	0.013674	0	0	0	0	0	0	1	0	0	0	0	0	0	0.0	0.0	0.0	1.0	4.38673	3.064354	13.442494	316.63248
305.0	1989	3.1304348	2.6	3.7	3.6	2.0	4.2	74.42189	1.0	0.013674	0	0	0	0	0	0	1	0	0	0	0	0	0	0.0	0.0	0.0	1.0	4.3858366	3.064354	13.439755	245.59224
305.0	1990	3.2331254	3.3	4.9	3.1304348	2.6	3.7	79.47293	1.0	0.013674	0	0	0	0	0	0	1	0	0	0	0	0	0	0.0	0.0	0.0	1.0	4.3539653	3.0405025	13.238242	190.73505
325.0	1966	5.9	2.3	5.98493	5.4	4.4	3.267884	26.93998	1.0	0.003653	0	0	0	0	0	0	0	1	0	0	0	0	0	1.0	0.0	0.0	0.0	3.1090078	2.7446918	8.533269	145.47589
325.0	1967	5.4	3.7	7.1776257	5.9	2.3	5.98493	28.23712	1.0	0.003688	0	0	0	0	0	0	0	1	0	0	0	0	0	1.0	0.0	0.0	0.0	3.101926	2.7446918	8.513831	104.47734
325.0	1968	5.7	1.4	6.5	5.4	3.7	7.1776257	28.7611	1.0	0.003811	0	0	0	0	0	0	0	1	0	0	0	0	0	1.0	0.0	0.0	0.0	3.1052825	2.5818481	8.017368	163.93826
325.0	1969	5.7	2.6	6.1	5.7	1.4	6.5	29.41873	1.0	0.003937	0	0	0	0	0	0	0	1	0	0	0	0	0	1.0	0.0	0.0	0.0	3.1650093	2.4617734	7.7915354	155.91928
325.0	1970	5.4	5.0	5.3	5.7	2.6	6.1	31.44462	1.0	0.004224	0	0	0	0	0	0	0	1	0	0	0	0	0	1.0	0.0	0.0	0.0	3.1878505	2.62427	8.36578	106.91171
325.0	1971	5.4	4.8	1.6	5.4	5.0	5.3	32.473	1.0	0.005337	0	0	0	0	0	0	0	1	0	0	0	0	0	1.0	0.0	0.0	0.0	3.2367964	2.6213937	8.484918	123.3974
325.0	1972	6.4	5.7	3.2	5.4	4.8	1.6	32.66676	1.0	0.005809	0	0	0	0	0	0	0	1	0	0	0	0	0	1.0	0.0	0.0	0.0	3.2726996	2.3562524	7.7113066	173.13383
325.0	1973	6.4	10.8	7.0	6.4	5.7	3.2	34.19679	1.0	0.007928	0	0	0	0	0	0	0	1	0	0	0	0	0	1.0	0.0	0.0	0.0	3.2946696	2.5050876	8.253436	205.18073
325.0	1974	5.4	19.1	4.1	6.4	10.8	7.0	37.14928	1.0	0.026072	0	0	0	0	0	0	0	1	0	0	0	0	0	0.0	1.0	0.0	0.0	3.316652	2.4389386	8.08911	29.719425
325.0	1975	5.9	17.0	-3.6	5.4	19.1	4.1	46.89348	2.0	0.02528	0	0	0	0	0	0	0	1	0	0	0	0	0	0.0	1.0	0.0	0.0	3.31728	2.3562524	7.816349	-14.068044
325.0	1976	6.7	16.8	5.9	5.9	17.0	-3.6	43.18141	1.0	0.027571	0	0	0	0	0	0	0	1	0	0	0	0	0	0.0	1.0	0.0	0.0	3.3375123	2.663394	8.88911	215.90706
325.0	1977	7.2	17.0	1.9	6.7	16.8	5.9	48.34128	2.0	0.028347	0	0	0	0	0	0	0	1	0	0	0	0	0	0.0	1.0	0.0	0.0	3.3692005	2.663394	8.973508	174.02861
325.0	1978	7.2	12.1	2.7	7.2	17.0	1.9	48.47882	1.0	0.027809	0	0	0	0	0	0	0	1	0	0	0	0	0	0.0	1.0	0.0	0.0	3.3236945	2.663394	8.852308	198.76315
325.0	1979	7.7	14.8	4.9	7.2	12.1	2.7	47.99013	1.0	0.037706	0	0	0	0	0	0	0	1	0	0	0	0	0	0.0	1.0	0.0	0.0	3.3268416	2.663394	8.86069	153.56842
325.0	1980	7.6	21.2	3.9	7.7	14.8	4.9	51.30311	1.0	0.058502	0	0	0	0	0	0	0	1	0	0	0	0	0	0.0	0.0	1.0	0.0	3.273015	2.8575268	9.352728	61.563732
325.0	1981	8.4	17.8	0.2	7.6	21.2	3.9	50.45122	1.0	0.062218	0	0	0	0	0	0	0	1	0	0	0	0	0	0.0	0.0	1.0	0.0	3.277284	2.8431466	9.317799	85.76708
325.0	1982	9.1	16.5	-0.5	8.4	17.8	0.2	46.008	2.0	0.061318	0	0	0	0	0	0	0	1	0	0	0	0	0	0.0	0.0	1.0	0.0	3.2551677	2.8431466	9.254919	-13.802401
325.0	1983	9.9	14.6	-0.2	9.1	16.5	-0.5	44.53123	1.0	0.048687	0	0	0	0	0	0	0	1	0	0	0	0	0	0.0	0.0	1.0	0.0	3.0378335	2.7869399	8.466259	120.23433
325.0	1984	10.1	10.8	2.8	9.9	14.6	-0.2	41.13525	0.0	0.049065	0	0	0	0	0	0	0	1	0	0	0	0	0	0.0	0.0	1.0	0.0	3.014262	2.7732787	8.359388	193.33566
325.0	1985	10.1	9.2	2.6	10.1	10.8	2.8	43.64893	0.0	0.043212	0	0	0	0	0	0	0	1	0	0	0	0	0	0.0	0.0	0.0	0.0	3.081551	2.7732787	8.546	152.77126
325.0	1986	11.1	5.9	2.5	10.1	9.2	2.6	43.84961	0.0	0.017962	0	0	0	0	0	0	0	1	0	0	0	0	0	0.0	0.0	0.0	1.0	3.0521665	2.7732787	8.464508	131.54883
325.0	1987	12.0	4.7	3.0	11.1	5.9	2.5	37.01633	1.0	0.027421	0	0	0	0	0	0	0	1	0	0	0	0	0	0.0	0.0	0.0	1.0	3.0469406	2.7604852	8.411035	125.85553
325.0	1988	12.0	5.0	3.9	12.0	4.7	3.0	36.8253	1.0	0.019516	0	0	0	0	0	0	0	1	0	0	0	0	0	0.0	0.0	0.0	1.0	2.9951744	2.8968244	8.676495	165.71384
325.0	1989	11.81151	6.3	3.0	12.0	5.0	3.9	38.83848	1.0	0.019516	0	0	0	0	0	0	0	1	0	0	0	0	0	0.0	0.0	0.0	1.0	2.9861825	2.9162378	8.708418	128.16699
325.0	1990	10.789116	6.5	2.0	11.81151	6.3	3.0	38.649986	1.0	0.019516	0	0	0	0	0	0	0	1	0	0	0	0	0	0.0	0.0	0.0	1.0	2.9988554	2.9162378	8.745376	92.75997
375.0	1966	1.5	3.6	2.3721416	1.4	5.1	5.303359	42.16415	3.0	0.00334	0	0	0	0	0	0	0	0	1	0	0	0	0	1.0	0.0	0.0	0.0	3.1854396	3.1881974	10.15581	227.68642
375.0	1967	2.9	5.5	2.1688614	1.5	3.6	2.3721416	41.39525	3.0	0.003688	0	0	0	0	0	0	0	0	1	0	0	0	0	1.0	0.0	0.0	0.0	3.209284	3.1881974	10.231831	153.16241
375.0	1968	3.8	9.2	2.5	2.9	5.5	2.1688614	40.35631	2.0	0.004088	0	0	0	0	0	0	0	0	1	0	0	0	0	1.0	0.0	0.0	0.0	3.2329152	3.157999	10.209543	230.03098
375.0	1969	2.8	2.2	9.6	3.8	9.2	2.5	43.75069	2.0	0.004073	0	0	0	0	0	0	0	0	1	0	0	0	0	1.0	0.0	0.0	0.0	3.2484248	3.157999	10.258522	231.87866
375.0	1970	1.9	2.8	7.9	2.8	2.2	9.6	47.38203	2.0	0.004769	0	0	0	0	0	0	0	0	1	0	0	0	0	1.0	0.0	0.0	0.0	3.4448743	2.660518	9.16515	161.0989
375.0	1971	2.2	6.5	2.1	1.9	2.8	7.9	52.59821	2.0	0.005487	0	0	0	0	0	0	0	0	1	0	0	0	0	1.0	0.0	0.0	0.0	3.5405107	2.5886168	9.165026	199.8732
375.0	1972	2.5	7.1	7.6	2.2	6.5	2.1	50.48052	2.0	0.005988	0	0	0	0	0	0	0	0	1	0	0	0	0	1.0	0.0	0.0	0.0	3.658837	2.9971638	10.966134	267.54675
375.0	1973	2.3	10.7	6.7	2.5	7.1	7.6	50.74626	3.0	0.00802	0	0	0	0	0	0	0	0	1	0	0	0	0	1.0	0.0	0.0	0.0	3.862574	3.210933	12.402467	304.47757
375.0	1974	1.7	16.9	3.0	2.3	10.7	6.7	51.49655	3.0	0.027633	0	0	0	0	0	0	0	0	1	0	0	0	0	0.0	1.0	0.0	0.0	3.99548	3.210933	12.829219	41.197243
375.0	1975	2.2	17.9	1.2	1.7	16.9	3.0	58.73077	3.0	0.027404	0	0	0	0	0	0	0	0	1	0	0	0	0	0.0	1.0	0.0	0.0	3.9383094	2.8591137	11.260075	-17.619232
375.0	1976	3.8	14.4	0.3	2.2	17.9	1.2	53.37948	4.0	0.030567	0	0	0	0	0	0	0	0	1	0	0	0	0	0.0	1.0	0.0	0.0	4.0175867	2.4636579	9.897959	266.8974
375.0	1977	5.8	12.6	0.2	3.8	14.4	0.3	52.09085	3.0	0.032765	0	0	0	0	0	0	0	0	1	0	0	0	0	0.0	1.0	0.0	0.0	4.057783	2.823163	11.455783	187.52705
375.0	1978	7.2	7.8	2.6	5.8	12.6	0.2	55.15342	3.0	0.029113	0	0	0	0	0	0	0	0	1	0	0	0	0	0.0	1.0	0.0	0.0	3.8955798	2.823163	10.997857	226.12901
375.0	1979	5.9	7.5	7.4	7.2	7.8	2.6	55.9532	3.0	0.046224	0	0	0	0	0	0	0	0	1	0	0	0	0	0.0	1.0	0.0	0.0	3.9285436	2.6347327	10.350662	179.05025
375.0	1980	4.6	11.6	5.6	5.9	7.5	7.4	61.35039	3.0	0.068688	0	0	0	0	0	0	0	0	1	0	0	0	0	0.0	0.0	1.0	0.0	3.8950934	2.6347327	10.26253	73.620476
375.0	1981	5.1	12.0	1.8	4.6	11.6	5.6	66.6819	3.0	0.064404	0	0	0	0	0	0	0	0	1	0	0	0	0	0.0	0.0	1.0	0.0	3.9512527	2.6347327	10.410495	113.35923
375.0	1982	5.4	9.6	3.0	5.1	12.0	1.8	65.71604	3.0	0.057407	0	0	0	0	0	0	0	0	1	0	0	0	0	0.0	0.0	1.0	0.0	3.9661841	2.6347327	10.449835	-19.714813
375.0	1983	5.4	8.3	2.9	5.4	9.6	3.0	61.49152	3.0	0.049933	0	0	0	0	0	0	0	0	1	0	0	0	0	0.0	0.0	1.0	0.0	3.7305102	2.6950305	10.053839	166.0271
375.0	1984	5.2	7.1	3.0	5.4	8.3	2.9	60.64693	3.0	0.042008	0	0	0	0	0	0	0	0	1	0	0	0	0	0.0	0.0	1.0	0.0	3.763035	2.6950305	10.141494	285.04056
375.0	1985	5.0	5.9	3.3	5.2	7.1	3.0	58.25233	2.0	0.044198	0	0	0	0	0	0	0	0	1	0	0	0	0	0.0	0.0	0.0	0.0	3.7562525	2.6950305	10.123215	203.88316
375.0	1986	5.4	2.9	2.1	5.0	5.9	3.3	57.31776	2.0	0.019862	0	0	0	0	0	0	0	0	1	0	0	0	0	0.0	0.0	0.0	1.0	3.7721677	2.6950305	10.166107	171.95328
375.0	1987	5.1	4.1	4.0	5.4	2.9	2.1	51.93765	3.0	0.030247	0	0	0	0	0	0	0	0	1	0	0	0	0	0.0	0.0	0.0	1.0	3.7961078	2.238781	8.498653	176.58801
375.0	1988	4.6	5.1	5.2	5.1	4.1	4.0	50.27617	3.0	0.01832	0	0	0	0	0	0	0	0	1	0	0	0	0	0.0	0.0	0.0	1.0	3.6992102	2.238781	8.281721	226.24277
375.0	1989	3.445606	6.6	5.4	4.6	5.1	5.2	49.78667	3.0	0.01832	0	0	0	0	0	0	0	0	1	0	0	0	0	0.0	0.0	0.0	1.0	3.790362	2.238781	8.48579	164.296
375.0	1990	3.5541196	6.1	0.4	3.445606	6.6	5.4	48.981815	3.0	0.01832	0	0	0	0	0	0	0	0	1	0	0	0	0	0.0	0.0	0.0	1.0	3.7395358	2.238781	8.372002	117.55636
380.0	1966	1.4	6.4	2.0909698	1.1	6.0	3.8212667	44.78557	2.0	0.004483	0	0	0	0	0	0	0	0	0	1	0	0	0	1.0	0.0	0.0	0.0	4.0353675	3.4785042	14.037043	241.84207
380.0	1967	1.7	4.3	3.3656263	1.4	6.4	2.0909698	43.72852	2.0	0.004367	0	0	0	0	0	0	0	0	0	1	0	0	0	1.0	0.0	0.0	0.0	4.0651565	3.4785042	14.140664	161.79552
380.0	1968	2.0	1.9	3.6	1.7	4.3	3.3656263	42.46237	2.0	0.004762	0	0	0	0	0	0	0	0	0	1	0	0	0	1.0	0.0	0.0	0.0	4.088839	3.5274959	14.423363	242.0355
380.0	1969	1.7	2.7	5.0	2.0	1.9	3.6	43.51757	2.0	0.004986	0	0	0	0	0	0	0	0	0	1	0	0	0	1.0	0.0	0.0	0.0	4.1314397	3.5274959	14.573636	230.64313
380.0	1970	1.4	7.0	6.5	1.7	2.7	5.0	46.27839	2.0	0.00516	0	0	0	0	0	0	0	0	0	1	0	0	0	1.0	0.0	0.0	0.0	4.1748405	3.5425704	14.789666	157.34653
380.0	1971	2.0	7.4	0.9	1.4	7.0	6.5	48.77312	2.0	0.005982	0	0	0	0	0	0	0	0	0	1	0	0	0	1.0	0.0	0.0	0.0	4.2123876	3.5425704	14.922679	185.33786
380.0	1972	2.0	6.0	2.3	2.0	7.4	0.9	47.52033	2.0	0.006044	0	0	0	0	0	0	0	0	0	1	0	0	0	1.0	0.0	0.0	0.0	4.268965	3.5425704	15.123108	251.85776
380.0	1973	1.9	6.7	4.0	2.0	6.0	2.3	46.86441	2.0	0.008053	0	0	0	0	0	0	0	0	0	1	0	0	0	1.0	0.0	0.0	0.0	4.1705723	3.4728513	14.483777	281.18646
380.0	1974	1.5	9.9	3.2	1.9	6.7	4.0	52.04547	1.0	0.027017	0	0	0	0	0	0	0	0	0	1	0	0	0	0.0	1.0	0.0	0.0	4.2746973	3.4728513	14.845388	41.63638
380.0	1975	1.4	9.8	2.6	1.5	9.9	3.2	65.1786	1.0	0.029468	0	0	0	0	0	0	0	0	0	1	0	0	0	0.0	1.0	0.0	0.0	4.2497506	3.4728513	14.758752	-19.55358
380.0	1976	1.2	10.3	1.1	1.4	9.8	2.6	56.49882	1.0	0.031083	0	0	0	0	0	0	0	0	0	1	0	0	0	0.0	1.0	0.0	0.0	4.3289194	2.4625669	10.660254	282.4941
380.0	1977	1.2	11.4	-1.6	1.2	10.3	1.1	56.97875	1.0	0.034047	0	0	0	0	0	0	0	0	0	1	0	0	0	0.0	1.0	0.0	0.0	4.392342	2.4625669	10.816436	205.12349
380.0	1978	1.6	10.0	1.8	1.2	11.4	-1.6	56.4408	1.0	0.030771	0	0	0	0	0	0	0	0	0	1	0	0	0	0.0	1.0	0.0	0.0	4.3159614	2.689774	11.608961	231.40727
380.0	1979	1.5	7.2	3.8	1.6	10.0	1.8	55.41762	1.0	0.045256	0	0	0	0	0	0	0	0	0	1	0	0	0	0.0	1.0	0.0	0.0	4.356037	2.3343103	10.168343	177.3364
380.0	1980	1.4	13.7	1.7	1.5	7.2	3.8	61.8139	1.0	0.066078	0	0	0	0	0	0	0	0	0	1	0	0	0	0.0	0.0	1.0	0.0	4.3708997	2.3343103	10.203036	74.17668
380.0	1981	2.5	12.1	-0.3	1.4	13.7	1.7	61.51982	1.0	0.061124	0	0	0	0	0	0	0	0	0	1	0	0	0	0.0	0.0	1.0	0.0	4.4075365	2.6370137	11.622734	104.5837
380.0	1982	3.1	8.6	0.8	2.5	12.1	-0.3	60.16333	1.0	0.057274	0	0	0	0	0	0	0	0	0	1	0	0	0	0.0	0.0	1.0	0.0	4.42237	3.3503714	14.816582	-18.049
380.0	1983	3.5	8.9	2.4	3.1	8.6	0.8	64.76091	1.0	0.044233	0	0	0	0	0	0	0	0	0	1	0	0	0	0.0	0.0	1.0	0.0	4.058469	3.3503714	13.597378	174.85446
380.0	1984	3.1	8.0	3.4	3.5	8.9	2.4	68.5121	1.0	0.036722	0	0	0	0	0	0	0	0	0	1	0	0	0	0.0	0.0	1.0	0.0	4.091403	3.3503714	13.70772	322.00687
380.0	1985	2.8	7.4	2.2	3.1	8.0	3.4	68.25501	1.0	0.037887	0	0	0	0	0	0	0	0	0	1	0	0	0	0.0	0.0	0.0	0.0	4.1394653	3.3560243	13.892146	238.89255
380.0	1986	2.6	4.3	2.3	2.8	7.4	2.2	68.22753	1.0	0.017814	0	0	0	0	0	0	0	0	0	1	0	0	0	0.0	0.0	0.0	1.0	4.0909104	3.3560243	13.729195	204.68259
380.0	1987	1.9	4.2	2.9	2.6	4.3	2.3	62.7877	1.0	0.020466	0	0	0	0	0	0	0	0	0	1	0	0	0	0.0	0.0	0.0	1.0	4.1216507	3.3560243	13.832359	213.4782
380.0	1988	1.6	5.8	2.3	1.9	4.2	2.9	61.83354	1.0	0.015156	0	0	0	0	0	0	0	0	0	1	0	0	0	0.0	0.0	0.0	1.0	4.08035	3.5237274	14.378041	278.25095
380.0	1989	0.6847802	6.4	2.4	1.6	5.8	2.3	63.4549	1.0	0.015156	0	0	0	0	0	0	0	0	0	1	0	0	0	0.0	0.0	0.0	1.0	4.07972	3.5237274	14.375821	209.40117
380.0	1990	1.5075377	10.5	0.6	0.6847802	6.4	2.4	63.819324	1.0	0.015156	0	0	0	0	0	0	0	0	0	1	0	0	0	0.0	0.0	0.0	1.0	4.0662227	3.5237274	14.32826	153.16638
385.0	1966	0.8	3.3	3.7861464	1.1	5.0	5.285807	82.25382	2.0	0.002799	0	0	0	0	0	0	0	0	0	0	1	0	0	1.0	0.0	0.0	0.0	3.6015205	2.209971	7.9592557	444.17065
385.0	1967	0.8	4.4	6.2568583	0.8	3.3	3.7861464	83.08898	2.0	0.002729	0	0	0	0	0	0	0	0	0	0	1	0	0	1.0	0.0	0.0	0.0	3.603006	2.209971	7.9625382	307.42923
385.0	1968	1.1	3.5	2.3	0.8	4.4	6.2568583	85.66164	2.0	0.002994	0	0	0	0	0	0	0	0	0	0	1	0	0	1.0	0.0	0.0	0.0	3.6046076	2.209971	7.9660783	488.2713
385.0	1969	1.0	3.1	6.4	1.1	3.5	2.3	84.23661	2.0	0.002925	0	0	0	0	0	0	0	0	0	0	1	0	0	1.0	0.0	0.0	0.0	3.6113167	2.260847	8.164635	446.45404
385.0	1970	0.8	10.6	6.7	1.0	3.1	6.4	82.44259	2.0	0.003564	0	0	0	0	0	0	0	0	0	0	1	0	0	1.0	0.0	0.0	0.0	3.6206076	2.260847	8.18564	280.3048
385.0	1971	0.8	6.2	4.6	0.8	10.6	6.7	84.91699	2.0	0.003701	0	0	0	0	0	0	0	0	0	0	1	0	0	1.0	0.0	0.0	0.0	3.640286	3.267462	11.894496	322.68457
385.0	1972	1.7	7.2	5.2	0.8	6.2	4.6	83.66345	2.0	0.003346	0	0	0	0	0	0	0	0	0	0	1	0	0	1.0	0.0	0.0	0.0	3.6538298	2.5484514	9.311607	443.41632
385.0	1973	1.5	7.5	4.1	1.7	7.2	5.2	80.62762	2.0	0.004458	0	0	0	0	0	0	0	0	0	0	1	0	0	1.0	0.0	0.0	0.0	3.4661446	3.3955946	11.769622	483.7657
385.0	1974	1.5	9.4	5.2	1.5	7.5	4.1	87.61421	1.0	0.014172	0	0	0	0	0	0	0	0	0	0	1	0	0	0.0	1.0	0.0	0.0	3.4977105	3.3955946	11.876807	70.09137
385.0	1975	2.3	11.7	4.2	1.5	9.4	5.2	95.4297	1.0	-0.0036	0	0	0	0	0	0	0	0	0	0	1	0	0	0.0	1.0	0.0	0.0	3.4836292	3.3955946	11.828993	-28.628912
385.0	1976	1.8	9.1	6.8	2.3	11.7	4.2	90.33502	1.0	-0.01165	0	0	0	0	0	0	0	0	0	0	1	0	0	0.0	1.0	0.0	0.0	3.5240781	3.3955946	11.966341	451.6751
385.0	1977	1.5	9.1	3.6	1.8	9.1	6.8	91.72334	1.0	-0.00944	0	0	0	0	0	0	0	0	0	0	1	0	0	0.0	1.0	0.0	0.0	3.5370731	3.1770153	11.237335	330.20404
385.0	1978	1.7	8.1	4.5	1.5	9.1	3.6	90.33905	1.0	-0.01669	0	0	0	0	0	0	0	0	0	0	1	0	0	0.0	1.0	0.0	0.0	3.49251	3.1770153	11.095758	370.3901
385.0	1979	2.0	4.8	5.1	1.7	8.1	4.5	82.75804	1.0	-0.02816	0	0	0	0	0	0	0	0	0	0	1	0	0	0.0	1.0	0.0	0.0	3.5320337	3.1770153	11.221325	264.82574
385.0	1980	1.7	10.9	4.2	2.0	4.8	5.1	85.70865	1.0	-0.07046	0	0	0	0	0	0	0	0	0	0	1	0	0	0.0	0.0	1.0	0.0	3.3832102	3.1770153	10.74851	102.85038
385.0	1981	2.0	13.6	0.9	1.7	10.9	4.2	88.46642	1.0	-0.08273	0	0	0	0	0	0	0	0	0	0	1	0	0	0.0	0.0	1.0	0.0	3.439342	2.1169457	7.2809005	150.39293
385.0	1982	2.6	11.3	0.3	2.0	13.6	0.9	87.5138	1.0	-0.08613	0	0	0	0	0	0	0	0	0	0	1	0	0	0.0	0.0	1.0	0.0	3.454047	2.8359566	9.795527	-26.25414
385.0	1983	3.3	8.4	3.9	2.6	11.3	0.3	85.11059	1.0	-0.10316	0	0	0	0	0	0	0	0	0	0	1	0	0	0.0	0.0	1.0	0.0	3.0748422	1.6776303	5.1584487	229.7986
385.0	1984	3.1	6.2	3.8	3.3	8.4	3.9	83.61769	1.0	-0.11781	0	0	0	0	0	0	0	0	0	0	1	0	0	0.0	0.0	1.0	0.0	3.0817614	1.6776303	5.1700563	393.00314
385.0	1985	2.6	5.7	5.3	3.1	6.2	3.8	85.50693	1.0	-0.1167	0	0	0	0	0	0	0	0	0	0	1	0	0	0.0	0.0	0.0	0.0	3.0448406	1.8924409	5.762181	299.27423
385.0	1986	2.0	7.2	4.2	2.6	5.7	5.3	85.75997	1.0	-0.05159	0	0	0	0	0	0	0	0	0	0	1	0	0	0.0	0.0	0.0	1.0	3.0844865	3.050767	9.410049	257.2799
385.0	1987	2.1	8.7	3.4	2.0	7.2	4.2	79.00841	1.0	-0.08986	0	0	0	0	0	0	0	0	0	0	1	0	0	0.0	0.0	0.0	1.0	3.1079173	3.050767	9.481531	268.6286
385.0	1988	3.2	6.7	1.1	2.1	8.7	3.4	73.38462	1.0	-0.08212	0	0	0	0	0	0	0	0	0	0	1	0	0	0.0	0.0	0.0	1.0	3.0746033	3.050767	9.379898	330.2308
385.0	1989	4.9187937	4.6	0.4	3.2	6.7	1.1	73.8637	1.0	-0.08212	0	0	0	0	0	0	0	0	0	0	1	0	0	0.0	0.0	0.0	1.0	3.0811734	2.849221	8.778944	243.75021
385.0	1990	5.2287583	4.1	1.8	4.9187937	4.6	0.4	79.65617	1.0	-0.08212	0	0	0	0	0	0	0	0	0	0	1	0	0	0.0	0.0	0.0	1.0	2.9232442	1.8504657	5.4093633	191.17482
390.0	1966	2.3	6.7	2.7412403	2.4	7.5	4.5550656	62.28668	3.0	0.004386	0	0	0	0	0	0	0	0	0	0	0	1	0	1.0	0.0	0.0	0.0	3.8826265	2.9226346	11.347499	336.34808
390.0	1967	2.7	6.9	3.4212093	2.3	6.7	2.7412403	58.78237	3.0	0.004421	0	0	0	0	0	0	0	0	0	0	0	1	0	1.0	0.0	0.0	0.0	3.8942459	2.9226346	11.381457	217.49478
390.0	1968	5.0	8.6	3.8	2.7	6.9	3.4212093	56.86628	2.0	0.004791	0	0	0	0	0	0	0	0	0	0	0	1	0	1.0	0.0	0.0	0.0	3.9091315	1.6332748	6.384686	324.1378
390.0	1969	3.9	4.2	6.5	5.0	8.6	3.8	56.77313	2.0	0.005298	0	0	0	0	0	0	0	0	0	0	0	1	0	1.0	0.0	0.0	0.0	3.916059	1.6332748	6.3960004	300.89758
390.0	1970	2.9	5.8	2.3	3.9	4.2	6.5	57.00761	2.0	0.005974	0	0	0	0	0	0	0	0	0	0	0	1	0	1.0	0.0	0.0	0.0	3.9365973	1.6332748	6.4295454	193.82588
390.0	1971	3.7	5.8	2.7	2.9	5.8	2.3	58.80617	2.0	0.006882	0	0	0	0	0	0	0	0	0	0	0	1	0	1.0	0.0	0.0	0.0	4.0072956	2.982932	11.95349	223.46346
390.0	1972	3.6	6.6	5.3	3.7	5.8	2.7	57.03129	2.0	0.00731	0	0	0	0	0	0	0	0	0	0	0	1	0	1.0	0.0	0.0	0.0	4.0090704	2.982932	11.958785	302.26584
390.0	1973	2.4	9.3	3.6	3.6	6.6	5.3	53.59322	2.0	0.009184	0	0	0	0	0	0	0	0	0	0	0	1	0	1.0	0.0	0.0	0.0	4.028155	1.2961829	5.2212253	321.55933
390.0	1974	5.2	15.3	-0.9	2.4	9.3	3.6	58.96134	1.0	0.03149	0	0	0	0	0	0	0	0	0	0	0	1	0	0.0	1.0	0.0	0.0	4.096746	1.2961829	5.310132	47.169075
390.0	1975	6.0	9.6	-0.7	5.2	15.3	-0.9	66.43667	1.0	0.031773	0	0	0	0	0	0	0	0	0	0	0	1	0	0.0	1.0	0.0	0.0	4.0727773	2.7888489	11.35836	-19.931002
390.0	1976	5.3	9.0	6.5	6.0	9.6	-0.7	61.09859	1.0	0.031442	0	0	0	0	0	0	0	0	0	0	0	1	0	0.0	1.0	0.0	0.0	4.156581	2.7888489	11.592076	305.49295
390.0	1977	6.4	11.1	1.6	5.3	9.0	6.5	62.33729	1.0	0.034451	0	0	0	0	0	0	0	0	0	0	0	1	0	0.0	1.0	0.0	0.0	4.2572894	3.067726	13.060197	224.41425
390.0	1978	7.3	10.0	1.5	6.4	11.1	1.6	61.26526	1.0	0.033684	0	0	0	0	0	0	0	0	0	0	0	1	0	0.0	1.0	0.0	0.0	4.168655	2.5881457	10.789086	251.18756
390.0	1979	6.1	9.6	3.5	7.3	10.0	1.5	57.73387	1.0	0.042601	0	0	0	0	0	0	0	0	0	0	0	1	0	0.0	1.0	0.0	0.0	4.268328	2.9923537	12.772347	184.7484
390.0	1980	6.9	12.3	-0.4	6.1	9.6	3.5	61.31303	1.0	0.060627	0	0	0	0	0	0	0	0	0	0	0	1	0	0.0	0.0	1.0	0.0	4.309025	2.9923537	12.894126	73.57564
390.0	1981	10.3	11.7	-0.9	6.9	12.3	-0.4	66.47386	1.0	0.055137	0	0	0	0	0	0	0	0	0	0	0	1	0	0.0	0.0	1.0	0.0	4.3417625	2.982932	12.951182	113.00557
390.0	1982	11.0	10.1	3.0	10.3	11.7	-0.9	72.36322	1.0	0.050544	0	0	0	0	0	0	0	0	0	0	0	1	0	0.0	0.0	1.0	0.0	4.3771787	1.7160354	7.5113935	-21.708967
390.0	1983	11.4	6.9	2.1	11.0	10.1	3.0	71.87047	1.0	0.038257	0	0	0	0	0	0	0	0	0	0	0	1	0	0.0	0.0	1.0	0.0	4.0936694	1.7160354	7.0248814	194.05026
390.0	1984	8.5	6.3	3.5	11.4	6.9	2.1	70.32415	1.0	0.03599	0	0	0	0	0	0	0	0	0	0	0	1	0	0.0	0.0	1.0	0.0	4.1452217	1.6180516	6.707183	330.5235
390.0	1985	7.3	4.7	4.3	8.5	6.3	3.5	72.59833	1.0	0.032321	0	0	0	0	0	0	0	0	0	0	0	1	0	0.0	0.0	0.0	0.0	4.2170124	1.6180516	6.8233438	254.09415
390.0	1986	5.5	3.6	3.6	7.3	4.7	4.3	72.94829	1.0	0.012043	0	0	0	0	0	0	0	0	0	0	0	1	0	0.0	0.0	0.0	1.0	4.2460575	1.6180516	6.8703403	218.84486
390.0	1987	6.9	4.0	-0.6	5.5	3.6	3.6	64.36702	1.0	0.014444	0	0	0	0	0	0	0	0	0	0	0	1	0	0.0	0.0	0.0	1.0	4.2258782	1.5859936	6.702216	218.84787
390.0	1988	7.2	4.6	-0.2	6.9	4.0	-0.6	61.44821	1.0	0.009885	0	0	0	0	0	0	0	0	0	0	0	1	0	0.0	0.0	0.0	1.0	4.0742145	1.4993405	6.108635	276.51697
390.0	1989	8.127822	4.8	0.8	7.2	4.6	-0.2	62.47343	0.0	0.009885	0	0	0	0	0	0	0	0	0	0	0	1	0	0.0	0.0	0.0	1.0	4.0164137	1.4993405	6.0219717	206.16232
390.0	1990	8.310439	2.6	1.7	8.127822	4.8	0.8	61.4433	0.0	0.009885	0	0	0	0	0	0	0	0	0	0	0	1	0	0.0	0.0	0.0	1.0	4.0194607	1.4907124	5.99186	147.46393
740.0	1966	0.9	5.1	10.638276	0.8	5.0	5.8193884	20.64122	2.0	0.002849	0	0	0	0	0	0	0	0	0	0	0	0	1	1.0	0.0	0.0	0.0	2.2560585	0.82510686	1.8614893	111.46259
740.0	1967	1.3	4.0	11.082341	0.9	5.1	10.638276	20.5948	2.0	0.003094	0	0	0	0	0	0	0	0	0	0	0	0	1	1.0	0.0	0.0	0.0	2.252071	0.881636	1.9855069	76.20077
740.0	1968	1.2	5.3	12.8	1.3	4.0	11.082341	20.05519	2.0	0.003223	0	0	0	0	0	0	0	0	0	0	0	0	1	1.0	0.0	0.0	0.0	2.2484004	0.881636	1.9822708	114.314575
740.0	1969	1.1	5.2	12.3	1.2	5.3	12.8	20.08211	2.0	0.003398	0	0	0	0	0	0	0	0	0	0	0	0	1	1.0	0.0	0.0	0.0	2.2512126	0.70639575	1.590247	106.43518
740.0	1970	1.2	7.7	9.8	1.1	5.2	12.3	20.59826	2.0	0.003639	0	0	0	0	0	0	0	0	0	0	0	0	1	1.0	0.0	0.0	0.0	2.2627308	0.70639575	1.5983834	70.03409
740.0	1971	1.2	6.1	4.2	1.2	7.7	9.8	21.5081	1.0	0.004632	0	0	0	0	0	0	0	0	0	0	0	0	1	1.0	0.0	0.0	0.0	2.2641437	0.70639575	1.5993814	81.73078
740.0	1972	1.4	4.5	8.4	1.2	6.1	4.2	21.95309	1.0	0.004926	0	0	0	0	0	0	0	0	0	0	0	0	1	1.0	0.0	0.0	0.0	2.2670546	1.0342646	2.3447342	116.35139
740.0	1973	1.3	11.7	7.9	1.4	4.5	8.4	20.1664	1.0	0.0072	0	0	0	0	0	0	0	0	0	0	0	0	1	1.0	0.0	0.0	0.0	2.2191124	1.0342646	2.2951493	120.998405
740.0	1974	1.4	24.5	-1.2	1.3	11.7	7.9	21.53925	1.0	0.025608	0	0	0	0	0	0	0	0	0	0	0	0	1	0.0	1.0	0.0	0.0	2.2047265	1.0342646	2.2802703	17.2314
740.0	1975	1.9	11.8	2.6	1.4	24.5	-1.2	29.91749	1.0	0.02473	0	0	0	0	0	0	0	0	0	0	0	0	1	0.0	1.0	0.0	0.0	2.199802	1.0342646	2.2751772	-8.975247
740.0	1976	2.0	9.3	4.8	1.9	11.8	2.6	27.42852	1.0	0.026686	0	0	0	0	0	0	0	0	0	0	0	0	1	0.0	1.0	0.0	0.0	2.2005014	0.9570081	2.1058977	137.14261
740.0	1977	2.0	8.1	5.3	2.0	9.3	4.8	28.03661	1.0	0.028022	0	0	0	0	0	0	0	0	0	0	0	0	1	0.0	1.0	0.0	0.0	2.1931205	0.9570081	2.098834	100.93179
740.0	1978	2.2	3.8	5.1	2.0	8.1	5.3	26.11608	1.0	0.026625	0	0	0	0	0	0	0	0	0	0	0	0	1	0.0	1.0	0.0	0.0	2.1381674	0.9570081	2.0462437	107.07592
740.0	1979	2.1	3.6	5.2	2.2	3.8	5.1	22.00218	1.0	0.036379	0	0	0	0	0	0	0	0	0	0	0	0	1	0.0	1.0	0.0	0.0	2.1324198	1.1416699	2.4345195	70.406975
740.0	1980	2.0	8.0	4.4	2.1	3.6	5.2	26.31612	0.0	0.052913	0	0	0	0	0	0	0	0	0	0	0	0	1	0.0	0.0	1.0	0.0	2.3286817	0.88917315	2.0706012	31.579346
740.0	1981	2.2	4.9	3.9	2.0	8.0	4.4	31.21532	0.0	0.0517	0	0	0	0	0	0	0	0	0	0	0	0	1	0.0	0.0	1.0	0.0	2.3265452	0.88917315	2.0687015	53.066048
740.0	1982	2.4	2.7	2.8	2.2	4.9	3.9	32.51882	0.0	0.048203	0	0	0	0	0	0	0	0	0	0	0	0	1	0.0	0.0	1.0	0.0	2.3275754	0.88917315	2.0696175	-9.755647
740.0	1983	2.6	1.9	3.2	2.4	2.7	2.8	32.80608	0.0	0.04068	0	0	0	0	0	0	0	0	0	0	0	0	1	0.0	0.0	1.0	0.0	2.4219775	1.049339	2.5414755	88.576416
740.0	1984	2.7	2.2	5.0	2.6	1.9	3.2	29.7358	0.0	0.041442	0	0	0	0	0	0	0	0	0	0	0	0	1	0.0	0.0	1.0	0.0	2.416912	1.049339	2.5361602	139.75826
740.0	1985	2.6	2.0	4.7	2.7	2.2	5.0	30.6541	0.0	0.03471	0	0	0	0	0	0	0	0	0	0	0	0	1	0.0	0.0	0.0	0.0	1.9483343	1.049339	2.0444634	107.28935
740.0	1986	2.8	0.4	2.5	2.6	2.0	4.7	29.16159	0.0	0.014618	0	0	0	0	0	0	0	0	0	0	0	0	1	0.0	0.0	0.0	1.0	1.9422723	0.72900736	1.4159309	87.48477
740.0	1987	2.9	-0.2	4.4	2.8	0.4	2.5	21.90987	0.0	0.020932	0	0	0	0	0	0	0	0	0	0	0	0	1	0.0	0.0	0.0	1.0	1.9371102	0.72900736	1.4121675	74.49356
740.0	1988	2.5	0.5	5.7	2.9	-0.2	4.4	21.71235	0.0	0.016246	0	0	0	0	0	0	0	0	0	0	0	0	1	0.0	0.0	0.0	1.0	1.9860122	0.72900736	1.4478176	97.70558
740.0	1989	2.2647529	2.3	4.7	2.5	0.5	5.7	23.128798	0.0	0.016246	0	0	0	0	0	0	0	0	0	0	0	0	1	0.0	0.0	0.0	1.0	1.9799844	0.72900736	1.4434232	76.32503
740.0	1990	2.0989976	3.1	5.2	2.2647529	2.3	4.7	20.000303	0.0	0.016246	0	0	0	0	0	0	0	0	0	0	0	0	1	0.0	0.0	0.0	1.0	2.6403139	0.8646772	2.283019	48.00073
